initial_state: 
  # [State_Inputs, State_Capacity, Administrative_Complexity]
  [1.0, 0.5, 0.05]

simulation_time: 300
step_size: 0.01

model_parameters:
  k_SI: 0.025590208862695835
  ef_AC: 0.0022987596383007643
  alpha_sat: 0.11157207198315072
  k_use: 0.01002928033147513
  k_coll_SI: 0.01701040832955537
  eps_SI_SC: 0.003201199923894875
  k_SC_decay: 0.009642599763360118
  k_coll_SC: 0.04649570942741116
  k_AC_growth: 0.02222804778443561
  k_AC_decay: 0.002175450075848699
